423156130731261962
1098551232886472714
530356529417814016
1211522768554688542
1094563617329926154
1093048699418067015
1118835945802846208
1119093218819194941
1225264752184262758
479459873394786333
693100006189826149
867700417185316894
561556623256977438
1147548129785299004
1124571037716193280
1225333428585762837
691080829979328552
717733451201118341
1237677346719531112
904501058427047986
1229685254198005825
1225263163990343800
1222789381782241283
376665240982781952
529888045537820694
901434871170347048
858322062262665227
1228571540161957908
965912950495924224
1101082561335279617
692989109521612841
828960920226365441
1225074163274879028
418417567301107713
633203871069765632
697460945588453516
1225425385995505714
882415520845037668
1229050161649684531
1070333118277496842
1304036406838038529
946096550621360169
713332814589722755
1006577122246135818
1077869014035996723
1020331129938653294
939155868895813672
1106155303373897730
1093893885492731924
532075808328515605
1228633367239720970
1225309354195161233
605214048321273857
402029629881319424
779559939789160449
1094532755066474506
1177801206823931954
1069977607908626432
1092793014574923827
1083715726101192734
1169923783071641690
1230469544942895183
832827630821703740
624204817371496479
847131557613535232
693100899186507798